root -1 -1.56 1.25 5.04 0 -90 0 1 1 1
palm 0 0 0 0 0 0 0 1 1 1
thumb1 1 2.12 0 0 -29.1 0 0 1.5 1.5 1.5
thumb2 2 0 1 0 16.5 -7.4 0 1 1 1
index1 1 1.6 1.65 0 0 -13.9 0 1.5 1.5 1.5
index2 4 0 1.09 0 0 -3.2 0 1 1 1
index3 5 0 0.8 0 0 -4.2 0 1 1 1
middle1 1 0.55 2.03 0 0 -4.7 0 1.5 1.5 1.5
middle2 7 0 1.17 0 0 -2.1 0 1 1 1
middle3 8 0 0.9 0 0 0 0 1 1 1
ring1 1 -0.5 1.98 0 0 -2.6 0 1.5 1.5 1.5
ring2 10 0 1.1 0 0 -2.4 0 1 1 1
ring3 11 0 0.82 0 0 0 0 1 1 1
little1 1 -1.57 1.6 0 0 -3 0 1.4 1.4 1.4
little2 13 0 0.93 0 0 -3.5 0 1 1 1
little3 14 0 0.68 0 0 0 0 1 1 1
